%YAML:1.0
e_vectors: !!opencv-matrix
   rows: 28
   cols: 128
   dt: f
   data: [ -3.10503561e-002, -1.68627631e-002, -1.51395015e-002,
       -1.71617921e-002, 5.69395721e-003, 2.00850982e-002,
       5.36473421e-003, -4.46848711e-003, 1.22359246e-002,
       2.07211636e-002, -2.39448366e-003, 8.31297832e-004,
       2.39743646e-002, 1.16397523e-005, -2.50393003e-002,
       -6.72821477e-002, 2.89352834e-001, 8.33369866e-002,
       -2.55998913e-002, -4.35540639e-002, -9.77898985e-002,
       -6.82470649e-002, -5.33729307e-002, 1.84092913e-002,
       4.44220044e-002, -2.22480297e-002, -3.99107151e-002,
       -4.05189544e-002, -3.43250707e-002, -1.41841173e-002,
       -1.49885705e-002, -5.15843567e-004, -8.04462060e-002,
       -1.01701356e-002, -7.67110894e-003, -1.29466541e-002,
       -9.49358195e-003, 1.55152287e-002, 1.73558574e-002,
       -3.39687732e-003, -1.37859777e-001, 1.11542363e-002,
       4.47944440e-002, 7.31708109e-002, 9.11298171e-002,
       1.68423466e-002, -7.16576800e-002, -1.94433764e-001,
       3.69722962e-001, 1.56804293e-001, -9.98443551e-003,
       -8.10135454e-002, -2.13883594e-001, -1.99741066e-001,
       -1.40959784e-001, -2.41104849e-002, 9.45983157e-002,
       -1.68318041e-002, -5.09696752e-002, -5.30061238e-002,
       -5.28128520e-002, -4.57855128e-002, -5.18279411e-002,
       -2.42641028e-002, -8.31176713e-002, 2.59321625e-003,
       2.19909083e-002, 1.44072613e-002, -1.01955719e-002,
       -1.88045986e-002, -1.02284141e-002, -1.32806115e-002,
       -1.38041347e-001, -1.89174652e-001, -7.06560314e-002,
       1.91058032e-002, 8.93669501e-002, 6.85926527e-002,
       4.44389656e-002, 1.26993982e-002, 3.64878684e-001,
       -1.71218999e-002, -1.39820457e-001, -1.99861974e-001,
       -2.06046522e-001, -8.35332423e-002, -1.79038309e-002,
       1.48439541e-001, 9.43679661e-002, -1.45497462e-002,
       -4.43044305e-002, -4.72552851e-002, -5.28383143e-002,
       -5.63986637e-002, -5.45191467e-002, -2.29040142e-002,
       -2.89781112e-002, 2.31315571e-004, 9.42515861e-003,
       1.36461454e-002, -5.74290892e-003, -2.13448163e-002,
       -2.12280937e-002, -2.25984249e-002, 1.69630032e-002,
       -5.59543520e-002, -2.60687526e-002, -4.07631043e-004,
       2.80232150e-002, -5.19377936e-004, -1.07546635e-002,
       8.05583410e-003, 2.84175515e-001, 2.95578036e-002,
       -5.36279976e-002, -6.88268691e-002, -9.06583071e-002,
       -4.69698012e-002, -3.35882530e-002, 6.79734349e-002,
       4.55512293e-002, 8.37681908e-003, -1.16141634e-002,
       -1.86261367e-002, -2.92453449e-002, -4.26098183e-002,
       -3.98039743e-002, -2.01875325e-002, 2.51561049e-002,
       -6.71158824e-003, -3.85349765e-002, -4.03380692e-002,
       -3.37167159e-002, -5.05036861e-002, -5.78462481e-002,
       -3.62490900e-002, 3.40468943e-001, 3.42276879e-002,
       -7.01893792e-002, -9.47444588e-002, -9.47843865e-002,
       -7.02471435e-002, -5.90937585e-002, 3.54328044e-002,
       2.16884032e-001, -2.72234174e-004, -4.77035418e-002,
       -4.02263068e-002, -7.33534293e-003, -4.18478474e-002,
       -7.17723072e-002, -3.19572538e-002, 8.93908180e-003,
       -1.97229218e-002, -1.79044325e-002, -1.41454898e-002,
       -2.58685350e-002, -5.81125841e-002, -8.35081562e-002,
       -4.88391258e-002, 4.65227999e-002, -3.89732420e-002,
       -7.71552175e-002, -7.54551813e-002, -5.23672141e-002,
       -5.43425530e-002, -4.48568836e-002, -2.93830074e-002,
       3.39989245e-001, -1.23806344e-003, -1.19750090e-001,
       -1.80935696e-001, -1.75365791e-001, -9.43008885e-002,
       -3.16534862e-002, 8.84594172e-002, 4.74157371e-002,
       -8.27880725e-002, -6.37306497e-002, -2.55761240e-002,
       2.29541399e-002, 4.65489924e-003, -2.18653828e-002,
       -4.06913534e-002, -1.20435171e-002, -1.81692019e-002,
       -1.32520115e-002, -3.07384841e-002, -5.43586910e-002,
       -7.20285848e-002, -6.91160411e-002, -4.39723730e-002,
       3.66260745e-002, -3.42020020e-002, -5.84015362e-002,
       -6.63823038e-002, -4.51970845e-002, -6.27677515e-002,
       -6.16827123e-002, -3.92941870e-002, 3.35466295e-001,
       8.32154676e-002, -3.36874798e-002, -9.83549729e-002,
       -1.78818211e-001, -1.71821341e-001, -1.11785807e-001,
       -4.44602128e-003, 5.12123816e-002, -4.95808385e-002,
       -2.18258034e-002, 4.30990756e-003, 2.08696388e-002,
       -2.17256136e-002, -5.50638773e-002, -7.61429295e-002,
       -6.34563295e-003, -5.10454066e-002, -7.09824935e-002,
       -6.94451928e-002, -5.70221134e-002, -2.57910881e-002,
       -1.38425808e-002, -9.88111645e-003, 2.84098648e-002,
       -3.56965289e-002, -5.59153631e-002, -4.66551036e-002,
       -1.79329664e-002, -3.77484336e-002, -4.26637121e-002,
       -7.50361895e-003, 3.46108645e-001, 2.37397030e-002,
       -6.38069436e-002, -7.11173564e-002, -8.96390304e-002,
       -9.24798027e-002, -7.03230798e-002, 5.22572100e-002,
       2.19215259e-001, -5.50224520e-002, -7.28589594e-002,
       -3.12647372e-002, -5.74374339e-003, -3.30859050e-002,
       -4.38823253e-002, 1.62239019e-002, 1.27519350e-002,
       -5.90884760e-002, -8.15991834e-002, -4.48694155e-002,
       -2.14766171e-002, -9.34272446e-003, -2.05773078e-002,
       -1.43986922e-002, 4.87161800e-002, 2.52224021e-002,
       -2.75701488e-004, -1.87503360e-003, -1.45758539e-002,
       -2.71543628e-003, -2.31645014e-002, -4.12284775e-004,
       3.05723548e-001, 7.22634345e-002, -2.42136512e-002,
       -3.40134911e-002, -5.07148840e-002, -4.16441858e-002,
       -5.61128743e-002, 4.81986329e-002, 1.89028710e-001,
       1.38978167e-002, -2.71893386e-002, 6.87857857e-003,
       5.92676550e-002, -2.81173810e-002, -7.88395405e-002,
       -2.34507155e-002, -3.26605892e-004, -1.68900695e-002,
       -1.09115634e-002, 3.43025327e-002, 5.57469092e-002,
       -6.38463441e-003, -6.24321438e-002, -4.84917760e-002,
       4.04938571e-002, -1.72738091e-003, -4.52897511e-002,
       -2.88659185e-002, -1.90982763e-002, 1.82037167e-002,
       2.91168992e-003, 2.62083393e-003, 8.37962180e-002,
       8.67419988e-002, -6.39606081e-003, -1.84548777e-002,
       -3.37039419e-002, -4.45308238e-002, -1.42666370e-001,
       -1.44027874e-001, 1.46176770e-001, 5.54222837e-002,
       7.43417591e-002, 1.12578042e-001, 4.13935594e-002,
       -1.83113083e-001, -2.49490932e-001, -1.26719281e-001,
       1.68183483e-002, 1.83897614e-002, 6.84913620e-002,
       9.22884867e-002, 3.85962799e-002, -9.04971957e-002,
       -1.73500732e-001, -6.73894063e-002, -3.95764336e-002,
       6.04928937e-003, -6.31263386e-003, -1.58738941e-002,
       -3.78340147e-002, 2.18627024e-002, 3.70301157e-002,
       1.22724427e-002, -7.66086951e-002, 1.83669731e-001,
       1.51629567e-001, 2.52465829e-002, -3.35818194e-002,
       5.26212156e-003, 1.65039301e-002, -6.33307621e-002,
       -1.44028127e-001, 1.78544104e-001, 2.73405492e-001,
       1.57999337e-001, -6.27804548e-002, -1.41337454e-001,
       -8.63107666e-002, -4.72107306e-002, -8.07614345e-003,
       1.05410933e-001, 1.73621863e-001, 8.14769417e-002,
       -5.47546931e-002, -1.22000486e-001, -9.28064361e-002,
       -1.00826342e-002, -4.49371636e-002, 1.80898153e-003,
       1.45382639e-002, -2.77828868e-003, -3.35383974e-002,
       1.00381617e-002, 1.70480087e-002, -5.70998294e-003,
       -3.27766925e-001, -2.32087318e-002, 6.09485544e-002,
       3.24489139e-002, -1.33246649e-003, 3.71789895e-002,
       3.85768600e-002, -5.44474572e-002, -2.06952974e-001,
       7.32519180e-002, 1.08187325e-001, 1.80157106e-002,
       -7.38315731e-002, -1.30962729e-002, 2.39650849e-002,
       -1.43743614e-002, 1.34873455e-002, 9.46344063e-002,
       8.82656276e-002, 1.10829631e-002, -7.05955327e-002,
       -5.19287959e-002, 1.49409068e-004, 1.85328890e-002,
       -3.39791924e-002, 6.98563308e-002, 1.05920285e-001,
       6.24281261e-003, -1.13065407e-001, -3.58841494e-002,
       4.59319120e-003, -8.95429868e-003, -9.52485651e-002,
       1.04076855e-001, 9.32792053e-002, -3.18825655e-002,
